1.2560260672197492
-2.528885133979984
3.4829739997431934
1.7524859445482581
0.6336789930499864
-1.486526498981307
-2.5807556788029
-0.4751733456122724
2.765634318445885
-0.11483242913684788
2.3227081527016296
1.7097978331511507
0.7006596301563333
-0.9395308417921899
1.317119815500349
2.6775705857254013
4.7117974544824435
2.6343030712095445
2.403988265264986
-1.2160020204851705
1.7488040281946762
0.17778005716780887
0.351654254857503
-1.5196035518024082
4.109391637781915
1.992357059090021
1.5456019631073552
2.929171906323442
-0.35498748661364354
2.6391031414879746
0.6733016533266942
1.3086506916701162
2.210243674143256
-0.896770948375361
0.7474504411655924
3.147660285215754
0.772552673859882
-2.778856619839102
2.7053786578502224
-0.51295550458202
-2.433234359725714
4.303061414366585
0.10614886905687893
2.6913859288735265
-2.426659802679255
2.7386304498971317
4.1162631118099275
0.3360848831441189
1.519101221697527
2.45035849268534
-1.277067738845969
-0.5361365182353985
4.545470597122478
-0.09855027188084597
-0.13595058320712372
2.49354550262518
-2.4832027138240464
-1.7883430076369158
-0.46056452849198437
3.529334814040229
0.5692720923538588
1.6267790528023152
-0.42918282008187636
1.2543924355020704
2.5824773472740388
1.208768837704076
5.5820866568306755
1.9237717432766108
-0.7255680373404665
0.43683956992238404
4.947870588736276
2.0495054042333885
-1.0935431194143979
3.850582788179506
4.585045000066817
1.2867254789543006
3.413908821636218
0.6905606136295058
3.161461062070638
-1.025014697493278
0.5597505950548123
0.20848799981454458
0.690749946568507
-0.3292382277051189
8.18356510614979
0.6401625671302839
1.3792019537218831
4.230828801302529
3.9185605334886815
3.502287576102172
-4.825046679806015
0.27192491716542866
1.725728235477777
2.085036496464583
-1.132082168065331
0.8007428393974674
0.18536704499176915
1.2712952280679264
1.6310819286532685
1.9634979868126612
-3.3402549400452486
0.6573016093153958
-3.8780846708045997
1.4551770964347992
4.8131450249786685
-1.8900573693521943
-2.354314336285057
-1.228395115033384
3.6846266904290816
-2.2839334477741158
1.6137092085546039
0.22264337193140982
2.8783481768100154
-0.09153921058410619
1.1831306669989816
2.9881775613748935
2.463919843708655
2.084267909790764
-0.26928766468138043
1.4916238610331896
0.1254970554782966
-1.344011163973121
2.074698549238668
-2.0769540833546256
0.6314833044945627
0.6978696551913404
2.8910778359869305
1.1529589120599417
1.898513366454679
-1.6607526897461766
2.0702368277620122
3.7592325894600545
-2.161657127756576
1.2386994243634124
4.2109196752481886
0.24693055901291128
-0.11079645408545313
2.7755127218609044
0.049633797159039705
5.418228727516067
0.0780918379144937
3.8176689041461866
1.232102789897899
0.9871342876924085
3.566526328293545
4.575530187567318
2.586834425182535
-2.7790861700909866
0.7471148958758679
2.285503741306136
-2.635385230695451
-0.4730881773161939
3.5634783253556535
-0.8756115445043717
-0.11230038274017518
-3.334490094864126
3.5000403908287474
1.044401808835106
0.674411241147161
-3.7886793577203495
-0.8136692330354105
5.236851629350267
0.724334299296924
1.921898358086811
-0.10913582921209808
-0.7444587327808534
-0.6842920669506283
-0.4410302094425882
2.686745755861195
-2.3977998570626156
3.6838686314900966
-0.27605357791051155
0.03279754415198077
-1.1798596909299035
1.1023592030301
-0.04899005492746067
-2.2610878664349556
3.753849864342424
0.5296494739925761
1.7438991926573735
3.1739509588623007
0.8310223668103385
2.181586306692244
3.631313799878109
1.1334412630768291
2.420000699778619
-2.445257958215134
0.01306574311644726
-0.7038365987918742
1.4726761626977904
5.305169490768441
2.633776889999239
1.4645336704299137
1.6125768543825318
0.6478685366728183
1.7843090525182186
1.5320752830841724
3.732252813637001
-2.3401891833254247
1.7988516708133115
3.508037996017715
4.199271029354366
0.6675931603039577
2.062837510344193
-1.1493896091411155
-2.2206360608038067
2.4170260054918624
2.8931441560420774
1.16544447477304
0.47617447800519264
-1.2533458127492372
3.674057961765741
2.601795793629462
-0.7044935669793206
2.6544798686534294
2.327777585113103
1.5411879452172559
0.8529509921079664
0.3573983148133798
2.931395801255955
0.034943637104029035
1.7415915296675568
2.7575931923543955
1.9924144146432412
2.4945862193883643
2.4980207485803048
1.7277878532684865
1.1724789270745841
0.6213297368723832
3.940388727814925
0.42580004848930963
2.475916499488611
1.109586080547794
1.9879054427642804
-1.833529548740787
1.6735367676014152
-1.2880388610387188
1.140308636050803
0.48736810969604394
4.066537591418971
-2.1396873643809244
1.1925685096489076
0.2399130059571336
4.330453598379096
-0.556362125154626
1.4696799384190187
-2.5140663575193054
1.2961716951918114
1.5508519929994056
5.341948794871604
2.3240263879915335
-1.8991555440746999
1.8890905964475508
2.5815737439310737
5.435042531095464
-0.8342932160073837
3.653886617782256
2.767212752840857
2.5933514307037266
-0.031976450753224084
1.3556740045982774
-0.564055797808827
2.4482075080134442
1.970894841143227
3.473450464549621
1.4366269210169138
1.7645086071463048
2.514728400977768
1.4039652397477689
3.0178687313729937
-0.43068008562474525
-0.7768502694808133
-1.7145353315723875
3.2324925932515827
0.13659489260566993
-1.2450093989164888
-0.22169994964990325
6.290677945291384
0.0636669430725163
-0.38523998941901216
1.5510321901750241
3.195806448595555
2.294369210649921
-1.5945565767289422
0.656945610641956
-0.014375975038434019
1.5960349825747322
2.1915990625675486
2.55215929159215
1.3240869497853467
1.9745036920580827
1.2021628096409265
-3.745761953333349
-1.8492775751540589
2.4037832274196043
3.336244608584907
2.613835360017263
3.2148051886591174
-0.886669885263988
3.309277827526147
4.467476438403222
2.5752364491962068
2.2403372461927846
1.3407294074821543
-1.709651761676048
0.9418617717882236
3.232930181360223
-1.2442393790497857
2.413388888052487
-0.20782311563076528
3.1242502358728634
-1.2380787467444865
0.36028906762321
0.1869963493492135
-2.3370387619243247
2.137553358241096
3.2378694329883273
4.032676956821069
1.8789673145101857
3.256323254378556
4.219660919312532
0.7921332950037394
1.4727476930102856
1.2069863425663523
-4.059401239751336
1.205877389779445
-3.6497293584260966
5.952381648604336
0.7001496084637121
0.4766315138917375
-1.338585847861435
2.6871908614904516
3.5490058403175397
1.0282561608494243
1.866942569878781
-4.166713338595626
-0.35036253400173667
2.2025868550688807
2.944921688447587
0.9262202631519659
-2.5866418836925975
2.55807220329282
2.5106868726903935
-0.42517199291099983
2.283780340503484
1.4152901582107122
-0.42157931179152563
0.49367165886391573
3.388542198393541
0.3403306938250854
1.3227391996765456
1.603814206549707
2.656898555963263
1.3103146776394152
-0.9684246726719155
-1.9947873942844403
1.816479625241072
1.2973831827811655
-0.2977817603553041
-0.427389866816982
0.40808558718694066
-0.6736067146125109
0.4467201922896804
1.9231911240366912
1.704913619205692
4.052433144873005
0.7136038155474511
2.181909625189541
-1.423617025426842
-0.955548944617179
0.02258178548516343
-1.0382773995986034
1.866798221504724
1.2665074144694208
3.2006601646535504
-2.0241433316163193
-1.1226191374504344
0.8015073303095732
-0.2946393827177216
1.1030970333889256
3.4772653206690136
-0.5015191017004998
0.847336198599778
5.605662906151802
0.16394042388706953
1.7366185277035666
0.7930342230450417
3.9302970695097663
2.573579418378081
1.7994873338345494
4.252514545625386
0.48576635340327545
3.0399584740525216
2.234422092732365
0.2087311241284694
5.16529425467665
3.539689456588337
0.18082328191400743
-0.4300449228508203
2.777419703515729
-0.1799143455898904
3.416440785439834
2.510413480097191
1.834918183509708
2.617458660867604
-1.7975980017334567
2.0438729445357198
-0.27650452110691526
-2.940741929506936
-0.19475170097213002
-0.26512662206772153
2.1586500041953647
-1.3036500609476387
-0.032047145786634035
-0.13955959524492334
-0.4796829559325888
-0.3673395896202163
0.8779118885306494
-0.5015479451665925
3.8292435220855303
0.5767518444464819
2.22271603900162
4.0974348514423165
2.839984988130305
1.949562294874769
1.7165842902357975
0.10135365537588081
1.4496671838508242
3.059159801935479
0.37561761841188146
-1.5119262249635166
-0.5660158077674251
1.1025662142283523
5.016961747472632
1.561105589341298
-0.8193582509623378
3.895365426070472
1.7045562958732807
-0.8754928290127038
-1.6776894652227456
1.4086292414065342
1.897312133023073
3.3085465141131003
0.2569632226319313
-1.6209886323232916
-0.9913989282368794
0.844562561529334
0.03646898612330851
0.4113402498370735
1.2072635968669014
4.218584336467503
2.9437683128593903
-1.3790139500198353
1.4530804489809743
2.0727281830675772
0.36554525367049484
4.892345367380105
0.9621359040573796
0.47431989824470067
-1.28238499777575
-0.8098537886114239
2.0040946682784746
1.255525436399672
0.0036438216171890137
2.2999671972407114
-0.7964642252683256
1.6551077221997974
-0.2490526293539379
3.3795778270174086
2.92385681180599
-0.24818106229534376
1.2775173190551161
6.55450846299053
-2.104159447943763
0.6516585685743241
0.8154111121789667
5.800292128311781
2.3161320594801125
-1.8497883437540237
-1.717674632680914
1.9342083788036515
-2.297259183365073
0.6555469515890792
0.8228311003483275
1.0469388657145267
-1.5782011865980516
-0.32839958183193363
-0.26329608583328623
-0.013570711316738926
0.44690022041060085
-2.6463671733957996
-0.10234481978718235
0.4953811773886855
2.1919493780585384
-0.027863288309159406
1.6797222211205944
-0.48650175571397725
0.5566337206522605
-0.38990439897440843
-1.010649054261743
1.1072138711959945
3.9440699903928915
-0.07290055799859863
-1.0753220992997203
2.510185740617084
3.059009155395571
2.9794772101495717
1.04898507326268
4.001165700882714
4.345539188799809
0.7338067439706458
4.317174138024832
3.0973707970483657
2.860470977162719
0.5929554399123338
1.9724747303742542
0.5175430857185385
1.1971639694052392
-0.2836031153241292
0.6090109960789241
2.4982611717383465
1.9291664376693283
3.783578433050624
1.2925525620672158
3.1862608646950283
1.2137020841556794
-1.7698067476380812
-0.22766850628599555
3.054369148661062
2.6018573590900056
1.81761190097057
4.661761020848832
1.4381287788728772
2.0487301700005798
0.6155338975056011
-1.5197837810808559
-0.883110497779739
-1.1549351950953874
-1.5503126324043177
0.08153893419844438
4.7352315751442955
1.2216043007549946
3.5303879077285227
0.2803975132558575
-1.512003944267824
-2.99232526581332
-1.5903285752431495
-0.9225984318459779
2.1962789682918613
0.5585333825597798
4.382944394114109
4.051329186271114
-1.5348918854159495
-0.42314096926377354
1.5204842806504235
4.887150706693287
-0.5675850886224789
0.7504823765888287
5.568109579529907
2.9896080880927345
-0.4864204165986379
1.6875671099971767
-0.7203037438934621
-0.24897007735191434
1.390646313960595
1.9882392573816208
2.333926356357214
3.7189361771800895
2.3797710058219432
3.996708107500914
0.32264080406507156
3.459678749104298
4.032775423493906
3.1705089352177636
0.8812143816048442
1.8981280692148679
3.3749814739083335
1.5865908274404463
0.34367098334097923
1.7572405189805582
1.2941683514536164
-2.309868500543453
5.818774288035064
2.8906090965235847
0.706849258580498
2.852064515799345
2.0296623406231227
0.1428772616388546
1.8290024849072863
-0.7562049666698127
3.4380035800114146
-1.567243696663747
2.523764491015387
-3.8829536769328614
1.7210894554613814
-0.6109865994833787
-0.8467818052694669
4.124560837961479
-2.782793208644827
0.8260274047352472
-0.8574207747098168
-0.8838723560004278
-4.187240765522771
-0.9699905573476515
-0.20357543907307707
-0.7475214177968974
-0.4154500566557253
5.255223751308305
-0.19779148657377
3.1670270175940685
-0.03103529325089638
1.8808160409115968
-0.9959989362489619
0.12934241474934494
2.7614260863360163
-0.6322840105981491
1.1428259117402757
3.662326616698865
-1.0603399068286938
-0.09213151361244987
-1.224642541232221
-0.6080434397649046
-0.8512066457580847
0.7714645142773725
1.900535879736008
0.5638082074013361
3.118116639291705
-0.10351657622643406
0.8093853929987233
2.312854668463248
-0.5111660012338344
1.2131866749055455
4.6636061765537455
-2.6062084520295072
-0.05887562185574691
-0.7385884528349747
3.998052560594549
0.044215493586612475
3.6660409155732614
-2.3510251143178653
1.6692379743742403
1.263879217093726
-1.4659848545797152
-1.7020862677717843
3.812653467277184
-1.0814113424845866
-0.026184123622964517
3.3211615128440535
1.8656661286498588
2.3551198122975743
3.4313446521845345
-1.0440620332610981
1.1404854148756003
-0.4495162571272622
2.8501878321215663
-2.9083593101683203
-1.0358705466925504
0.7657948302117408
1.8944270342164564
-2.8692219818123643
-0.9560016779511926
0.26031241349687095
-0.5667454392119609
-0.09869184241079543
1.024737901734224
-0.41327690390853555
1.4342244123980583
-1.121760936496916
3.4462743063626373
1.196569950820821
1.2848508232395095
4.2938402485655995
-0.443473723594356
-0.3311622721529002
1.8456340950402432
3.521128620186184
0.15814560852996473
1.1831910153073695
-0.7492025620603866
4.123757932955151
1.0491051057269438
4.931762099588649
1.285875486448387
0.16751040730579414
1.548750144655203
4.1023204643408135
0.5483481855191106
1.7872103760764135
0.6814756471655663
-0.3357407127955079
4.214750096485649
-1.487049133970097
-1.6972172373214618
-0.5503813556099308
1.68322670740495
-0.8736735538814377
3.929745461072838
-0.166800460198387
1.40700521304447
0.588485326614361
-0.05523269183977053
2.9215313870137587
0.8198411768691052
5.034953645119091
1.6140621525396899
0.01864733688261222
1.5262901460219829
3.3047061822168193
0.9429380895498947
3.6954364573061635
-0.5449570099928083
-0.48632181414875486
2.6912848273973853
-1.0234038319321135
3.325274135807478
0.13724260351546613
-1.776193971474191
0.4764590060969286
3.4532169093252114
2.18086101326274
1.5046847062400297
-0.4215573818361449
-0.4186900664600832
1.295236440384373
0.4971962822041669
-0.7649983811227077
0.3043750582951643
2.093283415431694
0.8107334786784804
1.2923420174488733
4.134656207111268
2.2536453186137955
0.7457560602056175
-2.385657627093055
-0.2670111557042132
4.30896075380203
1.95950906942091
0.37707077741297934
0.8132728940473626
-1.0844712123755977
0.14620378668656364
2.3491153471598354
4.506473064952159
0.9080745585630988
1.1346212926357495
0.7787192838514994
1.2833697713899501
-1.8739461873644356
-0.48622100866931395
-2.7044913701041557
1.5960174919981298
-0.6263538965708202
0.40957427094784404
0.27480406752301123
0.519191462102304
-2.7602808003748485
-0.4388947570994657
0.02044911470248867
1.3283330108568325
0.6091900057821842
2.2552196767332395
1.8271269511494865
2.9122297117892497
1.5133587820954135
0.7720557068894511
1.0215509141446806
0.6331452975965577
3.9410045828707725
3.337768498913484
4.419629144295094
0.9490445864095713
4.312921785845804
0.7681168727208167
3.9143450781358866
2.2827636413379433
-1.4670469203067347
1.9507417925087651
1.5367929457910814
2.4657815950954527
1.742946695487992
2.1512290876286007
2.0463429884761286
-0.874761920588764
4.590378165439282
1.8198242419207613
1.8892150427820873
3.347169116672062
0.47140666002394094
1.375354345531302
0.8487969253997739
2.6717746961222524
3.7657606700215704
-1.1262608764128217
-0.27254341187235576
1.5539027177893092
-1.1328736617160722
3.30458299622598
1.497665445478558
4.546691430439836
1.9106812436119962
-1.4558837736101604
0.837382487969706
-1.3245598799652112
3.4781875244956564
4.391682520968386
4.868128795230659
1.8424220579410344
1.1980787206452628
-1.4192787583694084
0.17630614356802643
2.9124017031802225
2.972370718210664
-1.1518980528120162
2.8542079875771584
-1.8522882211878056
0.723461808580462
-2.2943308883705242
-1.6182256991936668
-0.087956779405586
3.3972978573546633
0.5434192713477125
3.5110893789622146
1.5840507754609698
-2.469895687439494
4.008545378264451
-3.264618225734816
0.4406053153355389
2.8000344146965714
0.6123327966541914
0.8240218043859211
1.718140801956284
-0.530939816415295
-0.03927301602141564
3.473882207193098
0.33920330011934796
1.2406797776174092
0.2949252911292317
-0.8270874117252274
-2.1561243182748915
1.847537669720849
-0.31855849100479916
4.686802287176118
3.8960986670229696
1.4229762289276566
2.3042842015283065
1.5579265982722292
1.9067991322615097
3.5226915558578145
0.2508753576245216
-1.4707066511397335
0.6819864570236552
-0.012477208510832893
1.2678643749665914
-1.7200106220413511
0.6606754524890812
-0.8734515161730787
-1.0191071952745516
2.4270910332678723
5.878890298062916
1.3731572421250622
4.407937891632169
2.708324679162167
-0.6678142422359412
-0.3221398903293624
-1.3826379035864762
1.1503652635942205
-0.2802124697765558
0.415762297154175
-4.183073187030466
1.666028433767067
-2.2648128260863576
0.3944594417066334
0.1833114360719611
-0.598714559736047
1.702186978909927
2.3186005576872595
1.0581723763746955
1.4218881570579667
-3.4973598346439863
-0.342360520534593
0.032501667623770714
-1.233818353859594
-0.9978547656906458
-1.4306119338394896
2.730129599935762
-1.1713660950632505
4.399918378934343
-0.2784611238664565
2.368375677971202
2.3989887956818747
-1.9843407522327245
-3.0793506380734526
-0.31409678019425713
0.3341474588657355
-0.9027606416870411
-0.47994863367934504
-0.9646741878041072
-0.40625417931608343
1.9598515965028454
-1.049751492140119
-1.2416687820625656
1.850023080288771
1.589305617175396
-2.144379640128281
0.4945130875428453
2.3401492783942874
4.306022519470407
-1.9359266017121985
0.14174053079617022
-2.544117919219355
3.117385941962381
0.5154853068537675
1.4434704845264335
0.6414027607579127
-0.3769570235917423
2.851666315662445
3.060622167995171
1.78327357245294
-0.1859668219480839
0.9007675430330269
0.2520706754924176
2.670037638758508
1.5306040848304903
-0.05223805271835236
-2.846611006598785
-2.733197656295313
-0.375683018202172
1.3432083813171147
-0.9213667262645453
2.104835161406683
1.7743318275430304
-0.8127155752049169
0.7213635995336702
-1.622426913170977
0.7910945215031155
2.3721491876659524
-1.307788747033896
1.300598189980788
1.4811019154231175
1.6052537989055513
0.44870355642326987
-2.2246087095107394
-0.8844685447586709
3.8042973428664277
5.732782043826569
-1.2741488066242055
0.21339376823999634
-1.7004873073793227
-1.9334201566368145
-0.962571703169683
-1.2333600265073672
3.0613694905377935
0.5505227307900178
-0.5906250218368498
3.2065954738930817
2.9238763964944248
-0.24901463052997785
0.0223299144900323
1.8266708875158524
4.182908284531999
1.1851398042887193
-2.0501276506893493
3.646972344023812
-2.451803240466042
-0.033777484656112744
-0.19129249058891595
-0.5943063763040191
1.9196799147346932
3.8224172650048582
3.5543092292335356
1.5367582731702099
3.5636101771702346
0.9671904963907892
7.046348596966719
2.151639054523397
2.869985415105001
-0.48570782782240274
1.1595354623674354
-0.7429710039066777
1.2362912473101262
1.7087002195668184
4.041103093219995
2.025346899250196
2.9720759488138917
-0.5761414732599246
3.243537118264054
-1.0321545242715207
2.664090129171437
-0.9375742656069184
1.4592087470614585
2.3563517574347577
-0.699382934082661
4.330908048162183
1.9627728607268011
-0.8782304114695514
0.32328639248494806
-0.0845155626084595
-2.3857577731052357
2.963631125137246
1.0021735071234894
-2.20857676713098
0.9036162983261473
-0.9786072020204846
-2.563445302179934
1.7384711572221057
-2.7376133706704833
4.041171774904162
0.339693414394992
2.432228745032948
3.7313892146311294
3.421511318997335
0.5581873790198311
-0.45497236261583596
0.057702244300476546
0.5470570673298081
2.9076650226441823
1.5668991455672567
5.022112470951623
-0.09549312225012296
1.6534351204720472
3.34077121086229
2.2629002433739895
-2.3457656665428366
1.853253403962626
0.263084890435647
2.5284694929366998
-1.0878985456622683
1.1725075730128545
0.07333359162330078
-1.5427756032157416
0.6522240674678684
-1.867543140552812
2.8197409175974713
1.6555461624615195
2.4196881226092213
5.096224104721275
-1.556973862690504
-1.0517746093296707
4.357589774562115
4.7692160705238
2.377991256346154
-0.6411844516379688
0.15520460346949438
-0.22071722165349938
-1.8511615868977094
0.5097532649092007
1.717730766599563
1.962453680215631
-1.0539681337324338
-1.9753062863835047
-1.1207747026482058
0.5090686073377765
-0.9036811889295917
1.359178332128387
1.3233345448354983
-0.9458382324705472
4.431019252877398
3.7417361191815894
5.30187557150939
3.190090722312491
2.3141432581698522
0.5845107508533998
2.1661764005501283
-0.4364377163307642
0.03258112576392236
0.40636060106112193
2.6723431810401816
5.586640067628994
-0.36442479863294186
0.9797206004217756
0.1849668696189225
2.246691446162912
1.6293491572501377
1.2704847574991873
-1.9507473844828347
0.07014120766036369
-2.961208697065152
-2.2881246419513044
4.897408995571311
-1.1593368823890362
1.0642732452873822
-1.7319798132840059
1.1490940750984373
-1.6854412687483027
-1.563079486699928
0.49507178547536246
3.79424995588269
-0.5902199529241614
2.7475339006242345
4.641098005465452
0.4717510112446831
1.7079573065734217
1.6568785286393157
-2.359531612349616
4.031069117530837
1.588872945560099
0.11541488667032418
2.7989631646422453
3.1178005673642644
-1.1249042261822462
-0.977178690076723
0.2709446722977723
-3.1278934175330715
1.1634427574634925
3.904028046098031
0.9180957753102466
1.25260527554262
2.545145531416762
1.8631511168823303
1.2151022336046184
1.8799332095204528
-1.1576230782099137
-3.843081467162505
1.7402546789932418
3.1438200443437876
0.18476657890285852
1.0859755921860483
0.8914699373149607
-1.5769355909449496
0.21906994252570766
0.4354361949119494
2.224134979833873
2.057062972694779
1.4129106380073497
2.9266524120305206
0.8693477413372859
-4.685784251521118
6.1014353762950675
-0.2804557018229987
1.3194547845717064
1.4655675272926814
2.748147328217989
1.0643913604411595
3.703434669597547
1.210790473602088
1.2860729763764442
2.7333949819714323
1.2335224217718628
-1.3766672322673967
1.1428549671800885
1.411941968886266
1.745273353297446
0.3557569016780543
1.5451030372792185
-0.6175773831677414
0.8963550927694093
3.7818626278319933
1.8128667642178513
3.0558516588182747
2.1111748121384917
-0.5290700933060191
1.9948204912351288
3.3252806347596016
-0.5484961233706727
6.641062839966596
4.297162690046258
5.931288913428163
4.238497628971748
1.2645738197015604
-1.216739392058007
2.62325386625941
-4.0687248780108805
5.4574900399488735
0.8572998619676566
4.569863249063166
1.6652768964701776
-1.4588478136443217
0.9549399233128153
1.6303097012982404
3.3325074761477405
3.2310194074752556
0.2099407196354558
1.2675583231533931
1.7855264129019353
1.612361721519775
2.1859246138946204
-1.8027452405733029
-0.30304401486092547
2.254850731430447
-0.18819152657937543
2.4001165579459456
-0.6078086348601184
-0.6966623780467214
-0.9400474317578824
1.2575852266618768
0.8146255429707933
1.7480316994097347
2.6915295760434734
1.6637935783509148
2.657089090803306
3.530915437536922
5.200644625257586
-0.1205803216283603
3.2630662122237504
1.1575043155488198
1.9756952849203722
-0.5509176623265502
2.6795062330701542
-0.020887638061714897
1.533236237935749
-2.4628754199375105
4.0731849791208745
-0.448641917067923
1.3587421792730439
-1.760800425520142
-0.5598338727660477
-0.009346054554473016
1.9751622966033766
-2.4661001507567346
0.6987673137656665
0.04518324608266966
1.2508846404172635
4.142894884757212
0.14674081401023342
0.9364718743471425
2.0932265533868244
-0.5231491224478451
0.46873522362311015
-0.6046063200224847
4.822075266188882
2.0872321769981452
-0.10881305171615252
-0.5650227759876398
1.8584490689579503
0.4740229948980197
1.3108942676272317
1.562981430979773
-0.23442260210671262
-0.5663840979648498
-0.8637890046816565
3.505207589818168
2.1270812051215486
0.8123007474407078
0.8258970305362938
-0.12380831390430802
0.9906945187808227
-0.5740971602477332
-0.7364157069182093
4.642891575714659
2.692846488526686
2.1432046661002584
3.8790714566118067
0.2305676439762564
0.06570400919805275
3.4461959646792075
-0.13688393994101666
-0.3762842998117437
-0.39063980056081027
1.0407471664840093
2.9258335974990928
4.497253900091135
-0.8815066268370044
1.286490769770622
-0.14140186568295565
1.056608560044583
4.11654587785566
2.2994207329467193
5.103624641125296
1.4127046580515175
0.6697318796128636
1.682794055393373
3.7014925894879767
-1.375047318390057
-1.4662141675613136
3.29739410303388
1.5757869980041956
-0.5829212695966111
3.6691180330206445
1.3489621203107653
1.0813488147734993
3.745683424517686
-2.9137890066880425
-0.8611252624601335
0.9592360906827105
0.21748687561717128
1.4717905575576404
1.4377881457728485
-0.09903067006261534
1.818161743271095
-0.32826563820317545
1.2504451934692675
-2.0225757287504353
-3.1176985014147283
0.2985084315778619
4.0296231955518085
-0.5452571512042124
-1.6917726433557312
2.020398040572291
0.8293385883718818
-3.882444774556946
1.7070582580859095
-1.8942181199775243
1.2767272307581916
0.3106776468488168
5.854697014684274
1.6070930975502615
0.8197326394590803
2.8870036034387194
2.0009439866373517
-1.4687083506072574
1.8671598545396821
3.209761525971148
-2.6854878763459027
-0.8399733830089566
1.8668174074441137
2.474410050461918
1.4573016779880237
0.7470439268833007
-2.161847692759263
3.478391660655793
1.5168647036398597
-0.14341664952853717
1.2684036472832934
3.368574620110171
2.249676777798507
3.1076248561372037
-0.6321297154722061
3.045861602881427
3.665568401135865
4.649100727640309
-0.9541417759552417
2.2307330285305658
-0.7200535269299801
-0.958691966155331
-5.187931654684325
1.0521856452069311
1.0393826147779635
1.3848414922375507
-2.214116740315541
2.276208544008755
1.49981254946657
2.929984527685791
-1.3048237737112012
2.9823449823950723
-0.09871545775095947
-1.1421851934469518
0.3166685698653541
2.3280164268814554
1.6849069862444201
2.4707147452776206
1.0983341962662236
5.354675843007974
2.3131355268480194
1.9738290958719196
4.43637747131727
5.462425257439767
3.353563082241806
-1.8459716580715297
3.4046459447454183
-2.387753396543016
0.22757087094803785
0.9295172331065522
8.627436702378656
0.005229707041438214
0.9676698143015566
2.4666345622668917
1.39624763065353
1.9937454866639168
-0.5685623011221284
-1.7794379432756453
2.1663087720633873
2.47530382889967
-0.11287731216938379
-1.0621641301947888
-0.8545302205931267
1.1561171394582115
1.1746939836580954
-1.582571175333717
-2.434832485199891
2.614051108312892
4.088593490672829
-1.5868551364904424
3.0395777542712903
0.5648317972770776
1.8091843850697906
-2.5450342903390317
1.1304623221552812
1.2245792240739335
3.823721286941462
0.9556263892973883
0.9174835698757611
0.5049043184435875
2.236745793908865
3.3212931832520503
0.23338916666625542
-0.2022064029763877
-0.68238450329916
0.7307898481958945
2.5360415550148403
-0.39735924781402954
1.5010574117152853
4.190407123610575
3.25452255275945
2.022151166971905
2.441393494271643
-1.0500572751897437
0.35818499963079187
4.049056695792064
-1.271501478795242
2.1100330257607514
-3.669930572226499
1.0041941029425823
3.749316925419368
3.402290551271302
-1.0769626716578728
0.18133025132596414
-1.325704998796024
0.4198858122145709
3.0594663403782847
0.8856942448723426
-0.6212770254516173
3.6780391013653535
-1.6454251422992439
-1.3454471938926638
0.6063675002906679
3.355486895472637
3.886419816366334
1.2009635690519969
-0.586893496780956
-0.05010541519945089
-1.5291236370183046
-1.557066334536426
-0.20026290264890845
0.8471025317867044
-0.2318097433838373
1.783133045606625
-0.1860918165707819
0.4242324191670357
0.9078810783613741
0.62494919393235
1.5665996819695698
1.02709849287935
1.6556447095039086
6.545068324639204
0.07720158280310851
0.2830054859474799
1.0869575555446833
0.3627733691545736
3.6399934765595847
-2.2098945495584568
0.2981842401421191
1.1451784407009846
0.9182409400696011
0.6604205524285671
1.2601356341295273
0.5948907815525732
-1.5294540371217806
0.2881388174860612
1.703611898661803
2.1392600118168215
4.677086094589149
2.313270786008996
2.1003572170095435
3.333465821311007
-2.7583651417353905
-0.6468865493181124
1.8177808406013973
2.0915188702972207
1.003300935057813
-1.7105050806534274
1.150962482962721
0.14903314162529457
2.224455715619217
3.8273839008305934
-2.3732434755098257
3.0827764959926593
3.236227767550274
1.4023116039822168
2.0452709907425533
1.5049887061618716
0.4224036004053726
3.373522167563984
0.2902488673297168
0.6811002316857343
3.5481414978020362
4.538681739978348
1.6505830690991505
1.6004502250739372
-1.250438459059231
-1.0985550343877417
-0.7227350981496017
4.057169834233833
-0.41380459542719095
-0.5801067387294143
1.2089748075718454
1.5290238505761526
0.8670782764074196
3.5903453971357173
5.2146151654047594
2.4382228194987006
-1.7094390087112887
2.150114462880471
0.5171715152827601
2.9685208869416524
0.05359480269171513
3.5129591311354917
0.6532718910537736
0.9728215671299536
0.8748206908886514
0.3332830089692699
-1.620233747577939
-0.7718963424645813
1.684416913001746
7.17377042751577
2.3636982016711503
0.6924656825590736
3.214962143741115
-1.2273891326570454
-0.5811496462402799
-0.023750944990085232
-2.4589093693755197
0.6463343728146403
1.8637562268471042
1.3889781474915743
-1.6131614936195002
0.48718753563751915
-0.4877917543439012
0.3286813602992764
2.310705442991303
4.643555846498527
-1.8932990856348666
2.6935212966009026
3.0406148723176742
-0.26279032442787464
2.3384865316926886
-1.381067237220798
2.479833678705236
-2.0770871114672644
1.4048173793711896
3.291705660079718
-0.3757000924511724
-0.3891978444720534
0.43459965196919526
4.441979883599013
2.5278810883319345
-1.0540866170405936
-1.3748768438588206
1.0600723306236306
-3.2088104098250785
0.8022088749527267
3.0196497047685353
-2.8462887514773665
3.5645861289750504
-3.332450185174234
0.7791575041213274
3.6919505712397975
2.065258853038751
3.965714075855934
1.5906902207811235
-0.06726067914522171
-0.1730784456751353
1.8557703551749436
-0.8512088120337504
-1.2073066109594155
0.5792782054222708
1.0670534102778408
-0.37824396055751386
1.3751529948089596
0.2644268957369672
2.2327109745422486
1.594871599848709
3.2365628394715626
-0.22862441067882622
2.2312836949684165
2.365478546658204
-0.5209812635015902
-1.555675852154566
2.0315504299564626
-1.59953860818911
-2.131510960146084
3.1117880797860646
-0.26413748228923684
1.0066603358194905
-3.227727823240685
2.7704698884846417
-1.6022826610768242
2.7494974701179777
0.6151742103815907
0.36701484478019786
1.8913814798438744
6.170533928525714
2.4929728563522726
1.5873244444618653
7.054479019471819
1.5691291969280186
-0.8071302561658282
-1.9505012992353716
2.3676126382656095
2.664005297117222
0.4625387492871036
5.076246294162712
2.545065464163548
3.818186866711186
-0.3093308927168221
0.9400837718467078
0.08511348734368884
-3.060902485508027
0.8300263797071883
-0.30652096786462657
-1.2209888934894404
0.16925196661991893
-3.4148940172201865
3.1641043500556365
0.7679278857563728
2.0124488298431924
-0.4167929615403798
1.8668156378585257
5.619443297372386
-0.3623357485106897
-0.7964459694673285
-0.4534667097123217
-3.809242758348052
1.6610286696010115
3.0281478212855992
-0.5618257355893894
0.27776848672871246
-0.04480281945085696
-0.8955424172357196
-0.3319928530983989
3.2060999489065467
-0.9394859158687043
0.18186323974239504
0.7497986167735023
-1.6972844897498818
0.5745345933376054
0.926877201037418
3.0314391423837956
-1.3649439966039152
0.1851348005143295
-0.4353925567374335
0.3701362014134
0.8140957368454931
0.8661905112678436
1.3931716175134108
3.202565905551692
-2.4519439188731047
-0.8173608539420607
2.6627792197220628
4.217075915256782
1.9022288474933347
-1.1817671134333967
2.1755017926250773
-2.236558611771892
1.9458855539429685
2.3018245938070687
2.794272846241082
1.0744233259294682
2.6941464257492926
2.1238015080506756
1.1855018488352023
-1.364040492446656
1.3011336045272586
2.6762241852558484
-0.9024302049870434
5.147385940627097
0.584057059270734
0.9973593108889004
3.3096529163200747
4.83637176788471
2.8474893293538246
-3.1890543892668006
0.47328978937857746
3.6638616545195295
1.2776533361913707
2.3111123630133434
-2.260529909938251
0.5166232186914755
0.3331654199883213
-2.037077147413093
-0.03852188118625355
-1.0241424297624966
-1.1112374383166141
-0.5700027808095465
-0.4436967792550377
2.006025862000043
-0.320671645546706
3.077768293140116
2.929741938720028
1.624758141895626
1.758129695969707
-0.6842564362587427
1.8498805364654913
-4.94285911457642
1.7304276911971308
4.609293570757581
-1.003573296807148
1.0912869971433588
1.4044514413425495
0.8045360026509061
2.9714631175478616
0.42174811309660143
5.232945240108604
0.1509603578764317
2.0287798351285313
0.4808341860440277
1.2040885437966415
0.9170771379173962
-0.5494464279073521
2.317476674216774
0.27041667523904267
2.382235333390806
-1.9890797557047426
-1.158660556937813
2.639973390191533
5.0281985276258325
1.096664812256711
-0.9434699215882527
4.136204533531945
-0.731021661181525
2.426926789728941
-0.9171845259832103
1.1239319498861473
3.1461881362378192
2.651707494934331
0.6550880336862805
1.4808387996532548
2.1464379958251323
1.1936293873700865
0.2814051415310649
1.97923239617651
1.324115757162221
1.4441909490945366
-0.6641823506175979
1.6590489193479216
-2.25744320509739
2.145036843627018
1.6060137133621142
3.984075217971681
2.641945653706228
1.0484743791057496
-1.3717947871678589
0.8683960340958324
3.9679589392154098
1.2950425940244055
2.241822721335133
4.816359324531051
2.8561194294844503
1.5698965883376372
-0.3563222432822417
-1.9768380891410855
-2.6716703991554516
-0.6666503976633589
4.834244441440819
0.7274077033812243
-2.386058607602335
-1.870426758449785
1.1477548577728653
-1.8382888289854185
2.5288728969176293
2.1484300298258274
0.532104795404221
0.5124210529045461
4.027309312337748
0.020227357628124443
-1.6532767442836924
1.8775358609096795
1.968558830245187
-0.0647401627348585
2.6868429969754493
3.076238175251463
0.5256639002085859
-1.7928760334834188
2.056384251318276
3.2275899673101756
1.3942010111835594
2.372517749036305
2.016732473199803
0.4815018527455427
1.8855909640940618
1.3814067958629999
3.5864208081025444
-1.5873201579256957
2.276977411998352
4.576665639757125
-2.2290793486265335
-0.5092013197842971
-0.9129002284386554
-1.2212561414862106
-3.9318733883692785
2.504313079423108
0.5821099206067769
1.9335324736579036
-0.11275662734042413
-1.5845643336475908
1.7046374849124688
-0.6272511431238557
2.7881750067028643
2.3683271237911
-1.3647977188636808
4.121024221135627
0.6520370822159427
-0.8624822164903356
3.2403512731737267
-1.3894570893183213
4.1133283371669975
1.6744189492995354
1.5710622473746954
2.513879118425048
-3.0179795736877253
0.7187342368785158
0.945925242396396
1.9234921584264764
-0.6390142340111771
-4.022263481268457
3.418959897645956
-1.0650240198454282
3.172010856921764
2.6798438531389994
3.0276323427276393
3.2351633749542223
2.763348735170621
3.906292872984029
1.5204943601940901
1.2116865625088011
-0.7640732310021314
-1.580795882742894
-1.12078180226667
2.704160760693542
-1.781293001259368
0.7891601380604165
-2.5252696994038875
-0.14060044760060642
0.026884742296760522
0.8320060451624856
0.6771089952912464
-2.406875133634588
3.2864532357635277
4.067627015302465
3.2372439605468863
2.659258363181551
1.1498633402801421
4.755550559657861
4.435125337648065
-0.35498782530163386
-0.47809770039719557
3.101350405418765
-1.6999709601439323
4.2498754968092545
1.2392579680868534
0.4042300311392548
-1.6518499587712903
1.0594790543266803
-1.573817075235271
2.8262480875242915
0.5631957849438323
0.24379445537888234
1.7487164658510381
-1.3371774807851802
3.530166334006255
-3.4102212962036047
2.5842208828622057
-0.35177057685001367
0.18671050093944508
0.5137344451860071
-1.3279762441720862
4.196596701719907
3.015733132288361
0.6327138690105689
2.1849902415748694
-2.399574248205661
3.522448619209771
-1.2857050289039629
-0.23209595140339667
3.5315106285717905
-0.40524469610877234
1.4475755843665874
5.518672371225602
2.150966776750242
-0.9941938718025947
-3.256848576503913
3.047066876953066
-0.3411768549982981
0.043722082606615476
4.1249281840025915
2.8941949053215534
-1.0125364220558168
0.3117650698286749
2.556088940938663
1.5747230469031037
-0.5118961085920766
-1.4689230370617334
2.566561571958792
2.852183029403488
-0.5433863325956638
0.49273228731237784
1.4431893152357091
-0.004561151838842203
2.729023146049391
-1.0044396911367568
2.416454662182507
2.4049689179615887
3.204360318157034
1.8838250286958287
-0.9082502640063959
2.7360504201837026
-1.2556344876635879
-2.6579876291254423
2.2612159532662153
1.0584996085258938
1.7212337032496987
0.38572941216720147
3.5545671785123276
1.4554840157023095
-0.061990665157485525
-0.27427513225163924
0.13911130963066598
0.44076736872544975
0.18276837690180114
2.0612924202993943
0.9017837147214727
1.7245712599876923
1.2506678137375102
3.773802680800649
4.782809816064453
1.571368209982625
5.31274583932787
0.4609206375906528
2.747797414526012
2.0229879964726636
-4.435302014649571
-0.9448906427294881
1.4652640439106481
4.738814354767667
1.9521533897909407
2.0798739583323567
3.6271805340292196
1.9846448424076883
-2.4700802494337855
-2.0586340429719105
1.4545642265172554
-0.6378627115388245
-0.04482558575604667
1.3275525076337342
1.1242464508231134
2.3278157557813945
1.3371795303649017
-3.744762721522993
2.4677896325886426
-0.8096258912197947
-2.9885690577441073
0.07195738589419165
-1.6558343267305298
0.972798711191952
2.340316874213361
-1.3102533948310797
0.2910869616553906
2.937505699869056
-0.9001724808866134
-0.23658834681772833
1.1125081420752203
1.701811577363781
0.5651757473782575
-4.218833679293801
1.6177437114407933
-0.033802580539834315
3.3106387428767015
1.3958702295658978
-1.951417844479054
0.36480622727845147
0.639867815451618
3.399354280035083
-0.05001051632072784
2.335650138115514
-0.10262693276797319
3.084183121902266
1.2902160227409758
0.7460424396321597
1.6706506828586831
2.423877326653799
-1.7075760450757071
1.426526767784424
6.037424556022724
-0.13999927225876485
-3.035676496368592
2.4028133939190424
-0.563228224572889
2.0491784873147427
5.273288638634951
0.6762475867181414
1.7574037029669465
-1.2259608077317297
0.7757096825179643
3.976363481150052
2.7594439070597576
4.040363892835178
1.0592490307058415
-0.4281052542612962
0.9348285009551718
1.7962411847972666
0.8571928335584869
2.7295883498206424
2.371087388834912
3.0598711927221607
-2.331473510619086
0.39120029579868876
0.95156251961157
2.8682742318492442
1.3971650569421072
1.1525534162755906
1.220920070512082
3.667360565664394
2.300797357003387
4.6654328372380975
3.79675413337796
0.07633975412290406
3.3782221764999547
4.8304249551157445
3.5509538690455944
6.760633070195828
1.940835133043572
7.956464550500454
7.765186524223109
6.051402862350404
9.704265858982112
2.5075912987430264
6.473335402867905
10.470089120064163
3.2532212191561154
-0.7489326647912682
7.8312186790007035
6.854185763583634
1.1408811466531286
3.3889280306785254
6.324901710354249
-1.0048508755477767
3.2471564522968874
5.165090113043551
2.63906031406926
2.43273083655771
5.218844483178767
1.706500671837932
6.689413972428939
2.6557960686848716
3.2239349088456892
2.080892695915303
4.4371686706156765
2.8643364242416895
9.434787266435137
5.812975131124748
0.2403255776041613
6.179102768803337
2.294662370822575
3.992362709316433
8.313179698237741
4.521422827638013
2.7898203217899677
6.16783526500364
0.4827261605378599
7.667530181168454
3.056763921125983
2.853918285136722
3.4598478032537083
6.454509000871206
8.774562470379678
-4.3336007191684445
2.4422365425187276
2.1774502274918115
8.431853470114714
6.449576934854953
9.648899548689588
7.331940381391771
3.990785691526751
6.885423799037927
2.6716537313318103
2.3672771661613585
6.7296655356716
0.5176762376223469
0.33344555268978127
10.661477775871298
3.7777102850553743
8.010683782827252
-2.002297818494025
7.354358482149056
1.1569423765181188
7.176100527769887
-3.1429431048634147
1.5508763813435804
7.404884462239689
4.836785851436569
1.7912595301715921
10.740497521689305
1.3825487247254218
6.6613205201328825
6.408101741394115
4.577179549587472
3.528453176344105
5.077188254541607
3.4775036244378956
2.625388916425246
3.1176281058958275
5.2972032119923105
5.694149364659014
0.33871347128299956
3.452273933864832
2.8666772851987696
2.957504738060488
7.405672979441142
8.88011829767916
3.0989827471992637
3.995762186426388
0.7695540602642499
6.961959165724521
2.56622752680245
3.772290662447056
2.7117381895982975
4.748143874846962
3.0788857228133466
4.537978833356698
3.2898278825982485
3.0845493372933803
6.401493930495322
11.266889939966488
7.4674640611595615
4.30507646608949
6.627101574729416
6.522706702034705
6.874996090754083
11.191315402479487
5.414528284583962
5.427868670564283
-0.42956828985053797
4.81666084162296
0.6572265397107344
1.229392836971984
4.200667982676323
6.596139017357255
3.1307450106463217
0.5257342709416717
6.330267475658809
6.117264973875746
4.484992439060383
3.8349272668602286
0.46730010644226994
2.8068800499743247
5.611460255051647
4.090428429065658
2.5117674671852077
1.8527395798925923
1.1299824577084912
5.460340259998137
3.5300414096868664
0.07491800091811873
12.258555111065409
1.81279702209856
4.83715921242486
2.2816318092959764
4.693445060515759
4.36165811806626
5.469775039269951
7.587163628610029
-0.7658359276756954
2.1685998962315876
7.979567270811099
8.373711827505645
1.7826698028073626
3.4063014935320095
6.597540355298151
0.8981995900012816
10.136916015532808
6.047887699377745
3.130404660540382
2.4249373361884325
1.1373443309585283
3.236558739040472
7.6435867240548605
7.006108252916365
10.117682679312669
9.287976664961498
2.300312915470535
5.22297868125108
2.8859244792479766
6.247254887039897
2.5618988861410905
1.966034418995831
4.180426247609633
5.188491695139009
3.363976769943619
3.894109469006054
4.369050650318627
4.000810278514755
5.798782293986712
1.5857300116754014
5.743027565291348
6.286794267086728
7.087288577004529
3.3270524536356634
8.862916051278258
6.248007090935628
10.551515004692316
-3.008586393296925
6.714175824050623
5.092563564911776
8.453826244149543
1.8210704791264023
4.167208109944869
1.031172004895899
8.432264702833479
2.1527937485297537
1.5100474656005356
0.6836198566241904
7.279677398412298
1.737599739674366
3.1341241318715816
0.4340278469353356
-0.9708178680323849
4.873694567254641
5.364789348374995
4.041857378228475
6.997140018939708
5.089803552673247
6.7882097929659615
4.681482186795665
7.918683803988421
4.9371261234059025
7.029672108166958
5.366751643067029
5.803375867631647
3.4236979942087054
7.857579972259795
1.4376591765628683
8.373798263472835
2.4002508790585217
7.361830572685172
2.7200426354892193
3.753400002287907
5.5961383055624605
6.231027651045876
1.0747569257649134
7.732233327786405
1.3037797950960677
4.285855759953507
4.182343930796037
-0.1468542341707595
-0.30463049613941084
5.606125284451446
9.086585268311417
6.409727956034998
3.8581374926199845
1.0773960607991828
-1.638671023692126
4.957050445313551
1.7035335561073244
0.9185329459800404
10.295960031015406
2.3836173792589497
2.837266781934881
-1.4299165074742186
2.5680933705750375
8.24538285140296
0.513006357698909
10.452706319825435
0.8368793037111244
7.779323266923007
7.885058207628212
8.626859341184357
4.057409653840228
8.062524606371388
3.4385810066750038
-2.7795492299902733
1.3426998328070838
-0.6912196932389145
3.8019647761871633
7.961652424723043
9.918157766959423
5.106989220099566
4.368121997192781
0.8755523732775368
2.546188605393464
5.528917970059827
2.4643737426679317
6.831917704630937
0.1310053707831913
-0.43641568871112835
4.118353879392796
5.910268061077337
8.837024454668839
4.486484053686149
5.614162541271421
3.7460574121523464
5.514053281250677
6.176902602441086
4.517116997698613
5.884997772571031
3.7042506297104545
-1.565093968154529
5.3914745931519406
0.4806526492853358
10.16479132999859
1.5614886222470292
6.957248961244719
2.3199106623584163
3.4035636006954357
1.782502745451156
4.933759976326614
0.9232005871396298
5.377263606888419
8.062361844443423
-1.9451211472711956
4.460494060350569
4.05553814456847
1.379091850693563
4.320179609772015
6.2048771359635655
7.463212264435766
-1.1229390721997339
-1.168372354889481
2.964915306393299
2.4986339493303515
2.7414924021219202
2.05087582391661
3.363036408420977
2.619105834249057
7.565978422390564
0.8693028289913878
4.676223934439017
-3.3156324465855604
6.1580979172156205
3.7353459866490564
-1.19453846719448
1.444357528182902
0.02763878995063518
7.03425601559446
6.491149603710133
6.648831376678847
1.9317511120243327
3.4678915608970486
5.032921128492388
4.983015297301057
4.866078190519486
2.5063610228878614
7.151028313377715
2.811693565623639
3.27341982616446
5.865281850058624
7.614923284386033
7.287221484212739
6.569219873662824
1.0746852561966733
3.6309414582596897
0.7363724796019846
1.041614934152319
-1.5361180299459605
5.462332910699729
3.2878399594800083
5.511469257263803
0.8844523838941685
-4.72686600195294
2.9583175713605403
4.071938744616475
8.238399942451291
3.1574325972953807
6.304996608735912
3.396956242351324
10.377105982285679
4.187551831070384
10.935416106588722
5.128814111723379
8.20238188967096
-0.905013865600945
1.2366593479897254
3.646223358675629
3.605949096924345
7.1524290295758215
9.620320184975663
2.197347474247687
8.976129961750832
2.2427981044366243
4.4251071658403465
0.3500021503065023
2.595589415798151
2.9918524043963273
1.860397855713038
8.573781214409303
8.179044642250348
4.393350366560241
2.5487389828712343
5.052189162040978
4.185215507824297
3.1591506412813173
5.216844877987478
3.5997837191478443
4.523170691842401
3.538198810738081
2.63288497129755
6.820928801625232
2.316064526498012
4.588879948100494
-0.25775269803557954
8.3448293656324
-2.3303402771590918
4.960608314115311
7.0689437261587225
8.25101955127592
7.045210608948498
3.2637057869903687
3.2317146957717444
2.3052977692553673
9.323852562857294
4.113799017714057
2.6707720944677744
5.8193243660638165
2.1992707691068856
0.5806534049273111
7.63822575099934
5.074963346473265
7.968096086311348
3.6973931356352656
9.607414988841253
0.26581215076378006
-0.9598599704978152
3.036409281389332
3.939697530227712
1.9567574699293124
4.3202166241375455
1.5361712389165785
-0.9718263883121789
7.088347333269936
7.061618031486283
7.498202387782327
1.8917537173591676
7.7726549132801015
1.486976006565683
6.362596203865975
2.541071440219498
0.8987525479862466
4.07763691380767
2.4913219908606044
6.301939210869055
3.525294196231591
3.007536810994633
5.627322245960087
3.478032037682379
8.075980680558661
6.737255402677765
7.547433887592907
7.142615405550997
6.235939068128573
3.2521884219745334
2.917179158584124
1.0507351589370173
3.4010158137245736
5.68645484367668
8.152014076625337
5.3652296155209065
2.515225490482372
6.201035831634338
9.135644598970075
3.1250703316139212
3.693139370949556
7.319106165139658
1.490022463487926
-2.546550304946127
3.442940167688599
3.79407978568699
6.4777855546089125
4.248453446226059
1.4718106769682846
4.278125191285384
-0.21797245948940613
-0.019536399969540597
5.835101229609956
4.5397284166487015
4.798075325546105
1.5330833747592356
2.881352345088769
-0.24432474781248992
0.23385221333038686
5.022078831885141
8.903702500114441
4.860567431770744
6.657076187256278
8.635852740926662
2.4337282487268324
3.5815044549280346
2.703969322202241
2.6426150466189853
7.185396411080289
3.084571366239933
5.519899254674064
5.028776758222207
2.382046634274743
5.007330242682599
5.583778207049486
1.7133137605366318
10.276277847018406
5.206864931868243
0.053868781961811774
8.657441320376297
4.392466395438726
5.335812170411311
7.93305419975786
2.427299331727653
6.837975344667153
9.983673780638672
4.02353831511008
6.833690607698255
1.23806031798635
5.517158078292835
4.298965737976975
3.1969370433790307
4.626923083747329
3.309139339606154
6.638114447758054
4.705998328186053
5.364797456672216
1.5708978506175453
4.447338627942407
-0.3263445437757291
-0.83351714857936
6.190978678181997
3.55457402859718
5.314539422663413
5.672921985918455
4.28770447888487
10.428723107370406
4.202850939804892
2.9788672078965375
0.29858481965818173
-0.46745288704110166
4.571805440919913
7.563431701394237
5.00926031863862
2.5853154252362893
8.71870114342894
2.894444702772388
7.300020183928616
3.8276046733556104
6.491458775632215
-0.03880493077342795
10.974835388098647
9.099122492557125
3.0807970547360144
2.3992796829915877
1.8143874737587398
2.9694091854160036
2.622338442023076
3.066694346417576
-1.5117174891924323
4.512298699183576
4.116082783483563
3.3268131175128817
2.136215908235583
1.9532271248827557
-0.9099090702558801
4.664726968454495
2.9034243051500406
5.474888218999615
3.6877489097448124
4.189582581995958
2.108033673322997
7.822880567353348
2.808219600180849
2.1491803889169936
5.540175216279184
3.797431603741141
1.3487241240973797
4.3198928433382475
3.081522364236052
1.8901319972087776
-3.164370530522671
3.2577153815818645
4.099302494182169
10.488071937454142
3.7537566814024417
0.40072490997982335
4.909007004884464
4.031447752880366
-0.560303717958635
4.728904490235468
5.203771412323361
10.628106492958908
7.599853889807056
0.2935882151030498
1.8911166803388095
3.682097800218475
9.325552334881737
1.5705074797549283
4.33310455731769
5.302648336521117
8.683243090191187
1.1102974771875722
-1.7794661667603275
5.754434603062794
3.8625945611968424
12.24861672256457
2.476244994843305
7.844402236377193
6.539656951640884
5.311865751851107
3.8528216013573764
4.667392982074428
4.396926954494773
7.377667678775509
0.9131237763222813
1.6635397009812394
4.221994616223796
6.4838595612308785
5.018748316248364
6.597454229996242
5.308533102033736
9.68643202521569
2.9236898688722244
5.992777929265112
0.6171063260711951
3.5527152397974113
4.629111329547066
11.503127045081802
3.923138982157087
5.375526072698072
2.198617888976919
-1.4924213260522396
1.984820255921842
6.437793231498727
4.151535340789512
4.138583918813715
-4.401949367772033
3.3086896160968537
6.180879587079012
4.410080743834113
1.5639197677517531
3.5233090440706403
4.375286828331616
3.8158822817480575
5.662392818550293
0.19119350715839145
3.310579188939429
10.192562580997727
2.7696934672490574
0.3914011888374205
1.110829582824309
5.720440963354763
9.989490734371428
3.29493157665526
1.5869879833552991
6.617587835405642
-0.6853339412254558
-0.23214391052662808
0.32635300025590475
4.795804350207141
2.397404432750463
1.1410371064482385
4.125891731187273
8.318648450123163
7.404227692574406
0.1256486967521102
3.71395050914214
4.57475869933553
2.2659604789724326
7.290688805483142
2.2598989342132767
6.340179523807418
5.661905974213803
9.072560221856362
1.850504481292242
-1.5344006316409935
3.444195518539894
0.573632238796363
6.768692877831928
8.247976591685028
-4.5744132375320525
3.0479890738637687
2.690224199570081
9.256258946121253
-5.86222309454171
8.626933160143583
7.657982516849963
6.3489001207126865
4.75860822210582
4.4598127291581084
2.4553866557014956
2.0401427249258743
13.64235322155696
3.8095412538780375
3.9790883105985153
11.677926040119594
4.1650390661451375
4.582420267998382
3.1339996755947133
2.0219438508559713
6.314022701893678
4.0104265598636575
-0.8810775378130495
1.2854280515482621
7.852022821046923
2.705746730028167
3.8904741746888427
4.852377137841481
9.321672451919396
6.679059193641545
4.562268991323386
-3.6606862420577695
3.7998181414317234
2.988787912906842
4.416668492026112
2.0218453661827325
6.635263764176277
2.6675248176300403
4.156828862079909
4.398648305265631
-2.5183570660154366
7.53411351058993
2.5972869205878744
2.7752756331753607
8.963087315835015
4.121221329135617
6.053376015923288
5.90826797474338
2.2524942783971453
-1.4724700013360454
0.6190694956813743
11.053251781923894
5.9947345889979795
0.419770348668818
10.382809711802004
6.364789949882667
-2.9771937381655906
6.962915034116275
3.9536839061123468
3.351817166441956
6.636514957888167
2.618027049421504
5.779958773787417
4.1120479377643075
2.0237553868754703
4.587674827498542
2.6411816808893556
7.815186023856607
4.867039547509405
3.7554295365064996
4.198130115124923
2.920854763737066
5.638995112744986
7.413156700970856
3.0554772803638564
6.1301186422424605
-6.511275500557408
-0.6213145310006203
11.511398005247042
3.2446424892219077
-1.3391079746059997
4.147913658625407
0.4548545733697358
4.961449765020473
3.436157580138673
4.840862435275446
1.39387938395293
6.1748920715092925
3.437977019421653
9.204921930272342
-4.101332862599566
2.3577380609118355
3.089732414112596
3.7240734791280574
5.47945157789507
4.565705917572219
6.026577434956511
0.9587018405961834
7.885093439316458
-0.44290525901326205
4.594627397138825
-1.2573491659049427
6.726242631645498
-2.0467308737286203
4.643987638913324
2.2929285077471198
0.8222625127027792
4.568402293316225
2.1857090746827375
2.3162945326084126
1.4217444795411014
-0.48094361974129196
3.6796698800906587
5.300464392691312
4.284214658709156
-2.305500646246201
5.152163930473313
5.738000165160438
3.727225913670714
8.533502472236034
4.1373238686323965
2.9172144475749553
10.79272443759099
4.799414462672453
4.364149476779914
0.36779647485412337
3.3539667769462786
3.475998410135663
7.00081841608564
8.286078663461481
3.7811825415974107
3.205611671757815
1.8007507454169436
7.823057685133971
-2.9499478874546234
1.6105821417944468
5.247122316999636
7.303821278571247
3.1755005951076347
8.937321259790576
-1.6473443149405673
1.6907652570588092
6.071254522702151
-0.6707389729022957
5.340987780449808
5.899905177922202
3.6014974415124255
0.9535137834533716
-2.4504629303629653
1.0492353158507166
2.1740993505652946
10.851416687001992
1.7903258521447318
1.0354962680334525
8.646464158481914
5.0302599735229485
1.7064063654084904
2.340247478903863
4.242586542148108
4.48480001464799
7.0018369586466545
4.49390938808437
6.208508256031804
3.2280908117129434
5.817613537014516
5.2204801735746305
3.1927329127104556
0.5906236338909991
3.9405194043236427
3.3720292633261963
5.217280315524808
6.754191604723449
6.080085393397282
3.303722053102285
3.721365790285365
-3.2699423280384083
3.2534337891744007
4.4609464655968125
4.175555362998167
-2.743976686378045
2.5904599010222356
3.861682088180025
1.1095487925892806
0.0039175784333913555
1.580661434526272
3.600224088090408
2.6006802298714438
2.40645600004829
0.5131718580191063
7.433109322847032
12.108678552950545
5.065050179387522
4.382145275055004
3.1652876294588124
3.085910358551407
3.2426645139493124
4.759427042845358
4.924561081725986
7.794421038247034
2.523160338573392
5.215995331224366
3.6735678459109296
6.169702031339672
4.773316468524594
12.512202304005198
1.125289075786931
5.161325591385493
8.833129844750555
5.902205809513051
2.002943784997003
3.260656261669099
-0.03462527348009381
0.08142856321537728
0.8409579966365683
6.698894871063628
8.977222563907905
1.2278697219124233
-0.7021367237204874
6.257151836042984
2.953576665837736
4.946587213984745
5.877478852920553
3.08563248173341
-0.9874269365340336
2.9735940384221236
1.5852347692263091
1.3421697939098314
4.337013574033242
1.979984672031918
4.131337389018491
1.5614016532241672
7.139171865000524
5.378778482832871
3.0248482001185955
-3.6160161802167394
3.742038223971604
5.968445390544751
3.9156919707093523
6.937928046651118
5.2257951424300195
2.0773203355026415
0.7778223193140774
1.7554312203467504
5.758722241338938
3.1334668710121276
5.362278324022576
6.693536763846169
5.009508797738094
6.5827731639617975
0.5949694298358228
4.758020961970596
6.047371839747466
2.9940626477232
5.030861347377595
0.6583291813215606
7.254676949230864
7.132247786955023
3.6991562899129398
6.505933254600851
4.473210189069213
3.6541893286822744
3.102997994943064
3.3857742970486013
1.53230909195922
4.722069653715691
0.7349510831424011
3.441702824025573
-2.700770354987746
10.634058368024121
7.174382561519063
5.847693601356635
12.425210373301983
8.490823146674275
-0.2445335578442407
1.0526306260386518
0.6247143512375626
5.296579149680838
7.46309711074261
2.5681843140177847
-2.454638700300886
1.6066430099474598
5.1305439041206276
5.162187708553777
5.988392610789671
3.533311552677575
2.1392339662130753
8.844336460548252
5.309136748197806
-3.583953291348525
-0.1275155778672561
5.28383952414522
4.827870309215181
1.7645524021154086
-1.5246353694865267
4.1098417606672
1.8698380211992078
4.7377856758886425
6.241667465966332
4.4233742197742085
1.0401370025930263
-2.5895358577011347
4.016680032612776
0.9165558608969486
3.144780638661913
1.7297357111467724
2.6031172210470572
-0.9331148237369034
3.664849801595303
6.469099568234009
2.70456110956628
-1.1645513404212497
3.3886854115330616
1.080995036620405
-2.9236431474204796
3.7994392998905067
7.52396359492122
6.652162960128443
9.619222339445582
6.213080088049944
0.8397445943964645
4.3904995278847725
4.127473438456522
9.075095876437814
8.405556333070473
3.030378128308806
6.304087349029226
2.3492452473565253
2.636359468216685
1.4959227021766308
4.534759889862816
6.670221564629756
2.403466512295086
3.663691960078145
10.20929649693726
7.409776033907898
0.9790808986899426
7.8976648839636425
1.4604973103715206
-0.8004773482735557
4.671954276413624
7.524633379245694
